0.1 0.1 5.966
0.1 0.2 5.966
0.1 0.3 5.966
0.1 0.4 5.966
0.1 0.5 5.966
0.1 0.6 5.966
0.1 0.7 5.966
0.1 0.8 5.966
0.1 0.9 5.966
0.2 0.1 5.460
0.2 0.2 5.460
0.2 0.3 5.460
0.2 0.4 5.460
0.2 0.5 5.460
0.2 0.6 5.460
0.2 0.7 5.460
0.2 0.8 5.460
0.2 0.9 5.460
0.3 0.1 5.057
0.3 0.2 5.057
0.3 0.3 5.057
0.3 0.4 5.057
0.3 0.5 5.057
0.3 0.6 5.057
0.3 0.7 5.057
0.3 0.8 5.057
0.3 0.9 5.057
0.4 0.1 4.605
0.4 0.2 4.605
0.4 0.3 4.605
0.4 0.4 4.605
0.4 0.5 4.605
0.4 0.6 4.605
0.4 0.7 4.605
0.4 0.8 4.605
0.4 0.9 4.605
0.5 0.1 4.362
0.5 0.2 4.362
0.5 0.3 4.362
0.5 0.4 4.362
0.5 0.5 4.362
0.5 0.6 4.362
0.5 0.7 4.362
0.5 0.8 4.362
0.5 0.9 4.362
0.6 0.1 4.362
0.6 0.2 4.362
0.6 0.3 4.362
0.6 0.4 4.362
0.6 0.5 4.362
0.6 0.6 4.362
0.6 0.7 4.362
0.6 0.8 4.362
0.6 0.9 4.362
0.7 0.1 4.362
0.7 0.2 4.362
0.7 0.3 4.362
0.7 0.4 4.362
0.7 0.5 4.362
0.7 0.6 4.362
0.7 0.7 4.362
0.7 0.8 4.362
0.7 0.9 4.362
0.8 0.1 4.362
0.8 0.2 4.362
0.8 0.3 4.362
0.8 0.4 4.362
0.8 0.5 4.362
0.8 0.6 4.362
0.8 0.7 4.362
0.8 0.8 4.362
0.8 0.9 4.362
0.9 0.1 4.362
0.9 0.2 4.362
0.9 0.3 4.362
0.9 0.4 4.362
0.9 0.5 4.362
0.9 0.6 4.362
0.9 0.7 4.362
0.9 0.8 4.362
0.9 0.9 4.362
